0.000000	0.247649	0.252033	0.237705	0.280702	0.293051	0.277592	0.294498	0.284585	0.275758	0.242604	0.294931	0.275758	0.255521	0.247813	0.324405	0.314869	0.233677	0.297376	0.291793	0.301775	0.300613	0.310850	0.320242	0.294606	0.314371	0.258065	0.296820	0.313953	0.277228	0.299703	0.280000	0.274648	0.282158	0.288889	0.258160	0.264151	0.262500	0.281553	0.324503	0.319277	0.257862	0.268608	0.270000	0.275081	0.294833	0.319403	0.259475	0.293375	0.280236	0.286667	0.263473	0.276968	0.290801	0.295302	0.285246	
0.247649	0.000000	0.220149	0.265233	0.304124	0.293963	0.305882	0.307910	0.260135	0.220159	0.237113	0.323770	0.313316	0.232295	0.273418	0.288660	0.335859	0.284024	0.301508	0.273196	0.311224	0.307087	0.273418	0.288360	0.296820	0.289062	0.254019	0.285714	0.345088	0.269710	0.317949	0.279365	0.294118	0.257246	0.306180	0.268041	0.293930	0.291005	0.286111	0.313218	0.273438	0.264706	0.268908	0.286533	0.274286	0.309711	0.312020	0.305556	0.310627	0.267857	0.267045	0.266839	0.278481	0.314578	0.301775	0.284058	
0.252033	0.220149	0.000000	0.284314	0.279221	0.317343	0.273859	0.258687	0.260465	0.231061	0.254682	0.336898	0.317164	0.262357	0.255474	0.288889	0.288321	0.281746	0.304029	0.304511	0.305147	0.259542	0.282051	0.300752	0.266990	0.305660	0.252066	0.304167	0.315217	0.293785	0.337037	0.330435	0.257353	0.227053	0.307393	0.271375	0.301310	0.273077	0.297619	0.324000	0.299242	0.276923	0.276265	0.273810	0.273810	0.297398	0.277778	0.250909	0.282443	0.280443	0.306452	0.266667	0.264493	0.308550	0.289916	0.298387	
0.237705	0.265233	0.284314	0.000000	0.267327	0.283489	0.261438	0.275641	0.243446	0.289116	0.285266	0.331858	0.300000	0.279851	0.261538	0.300940	0.325301	0.287770	0.296073	0.288344	0.323077	0.281646	0.306991	0.328173	0.302239	0.314465	0.299595	0.303136	0.323263	0.323276	0.333333	0.301158	0.256250	0.284553	0.274510	0.329154	0.267123	0.309904	0.292208	0.287097	0.307453	0.267296	0.270096	0.271523	0.252525	0.270186	0.330275	0.295181	0.296530	0.293578	0.276817	0.322981	0.300912	0.282675	0.279310	0.281369	
0.280702	0.304124	0.279221	0.267327	0.000000	0.312775	0.251121	0.272321	0.242268	0.303483	0.288991	0.268571	0.271493	0.322751	0.255507	0.348214	0.293103	0.281250	0.304348	0.255411	0.271930	0.286996	0.262931	0.321739	0.268657	0.274336	0.301136	0.298578	0.304348	0.309942	0.314410	0.319797	0.229630	0.291892	0.251121	0.300448	0.241706	0.268182	0.265116	0.247748	0.299107	0.290179	0.272300	0.231481	0.248826	0.284444	0.314159	0.310345	0.327273	0.286344	0.303922	0.312775	0.313043	0.287611	0.311927	0.329670	
0.293051	0.293963	0.317343	0.283489	0.312775	0.000000	0.284238	0.285714	0.265432	0.314496	0.297921	0.301471	0.283372	0.261838	0.298876	0.337130	0.315673	0.285326	0.317778	0.320542	0.314031	0.296296	0.303097	0.278802	0.342508	0.319635	0.321212	0.294595	0.220264	0.307692	0.311659	0.291908	0.308108	0.297297	0.328467	0.289294	0.285714	0.284038	0.281553	0.245700	0.273563	0.278689	0.247549	0.238213	0.288265	0.237443	0.254505	0.290749	0.262911	0.287305	0.269923	0.301587	0.319290	0.304251	0.311856	0.336986	
0.277592	0.305882	0.273859	0.261438	0.251121	0.284238	0.000000	0.215426	0.256667	0.245125	0.246073	0.305882	0.260526	0.247678	0.256345	0.321337	0.319307	0.251534	0.256858	0.263291	0.267003	0.283117	0.264339	0.304124	0.251613	0.220513	0.243243	0.248521	0.261845	0.258687	0.271357	0.267296	0.310734	0.266904	0.263441	0.269923	0.293413	0.245383	0.266667	0.286885	0.276215	0.267905	0.275766	0.284507	0.252778	0.271318	0.300000	0.297767	0.308943	0.267003	0.291066	0.253197	0.301508	0.284635	0.275000	0.290520	
0.294498	0.307910	0.258687	0.275641	0.272321	0.285714	0.215426	0.000000	0.273312	0.296000	0.264198	0.286260	0.293970	0.267857	0.286747	0.339024	0.316785	0.279539	0.296912	0.273608	0.274463	0.274074	0.269504	0.320197	0.229560	0.254237	0.262987	0.259777	0.307329	0.248120	0.304762	0.298780	0.301136	0.263158	0.272727	0.294404	0.319088	0.292500	0.281250	0.297368	0.311436	0.299252	0.297368	0.297872	0.300532	0.299754	0.306024	0.345882	0.306533	0.310263	0.297003	0.271186	0.303318	0.310263	0.301630	0.309735	
0.284585	0.260135	0.260465	0.243446	0.242268	0.265432	0.256667	0.273312	0.000000	0.237624	0.259375	0.270270	0.294304	0.276364	0.260736	0.295031	0.293051	0.275618	0.300912	0.268293	0.290520	0.291022	0.268072	0.307453	0.311284	0.312693	0.253788	0.237931	0.324242	0.276316	0.335385	0.286738	0.257669	0.277108	0.298077	0.298137	0.297491	0.312303	0.290735	0.283871	0.315625	0.301887	0.270968	0.264026	0.260135	0.274143	0.250000	0.321212	0.304762	0.288344	0.274834	0.266254	0.278788	0.282209	0.292359	0.268817	
0.275758	0.220159	0.231061	0.289116	0.303483	0.314496	0.245125	0.296000	0.237624	0.000000	0.266667	0.316406	0.290954	0.219444	0.270142	0.305085	0.289412	0.290598	0.330986	0.279126	0.296912	0.286064	0.266509	0.287129	0.305369	0.266990	0.209375	0.272727	0.316901	0.294355	0.293839	0.283077	0.266667	0.267857	0.321053	0.299760	0.328267	0.274074	0.301546	0.262032	0.245783	0.283582	0.286458	0.283422	0.267380	0.334152	0.290557	0.284038	0.317259	0.296912	0.283784	0.245192	0.263529	0.289786	0.280556	0.274510	
0.242604	0.237113	0.254682	0.285266	0.288991	0.297921	0.246073	0.264198	0.259375	0.266667	0.000000	0.324627	0.299539	0.240437	0.267857	0.326577	0.290110	0.271003	0.282276	0.278912	0.290466	0.284404	0.275330	0.285714	0.299383	0.295711	0.253823	0.276423	0.296703	0.270677	0.296214	0.293605	0.323699	0.230241	0.277228	0.269663	0.300000	0.259861	0.270531	0.281095	0.254545	0.286047	0.254902	0.282500	0.293671	0.314943	0.319005	0.322368	0.327014	0.277162	0.285714	0.322148	0.318584	0.289532	0.301299	0.301630	
0.294931	0.323770	0.336898	0.331858	0.268571	0.301471	0.305882	0.286260	0.270270	0.316406	0.324627	0.000000	0.262963	0.292887	0.292419	0.258182	0.272401	0.251029	0.304348	0.285199	0.284173	0.293040	0.275000	0.329670	0.299145	0.258993	0.281818	0.296443	0.305755	0.261905	0.315217	0.231760	0.246575	0.291480	0.275093	0.278388	0.318548	0.298507	0.249027	0.263359	0.283582	0.252830	0.285171	0.207547	0.284047	0.305147	0.344322	0.304659	0.281369	0.318681	0.306773	0.301471	0.312950	0.304348	0.294355	0.271967	
0.275758	0.313316	0.317164	0.300000	0.271493	0.283372	0.260526	0.293970	0.294304	0.290954	0.299539	0.262963	0.000000	0.247253	0.236486	0.271910	0.297778	0.299169	0.279642	0.291954	0.278652	0.276744	0.254464	0.327103	0.349206	0.290323	0.318750	0.285714	0.286353	0.306513	0.288939	0.279070	0.299435	0.283276	0.279703	0.287016	0.289398	0.278302	0.272727	0.279597	0.265446	0.266509	0.306733	0.248731	0.265664	0.302326	0.286041	0.305310	0.278450	0.279642	0.293506	0.276018	0.305618	0.263039	0.297927	0.294278	
0.255521	0.232295	0.262357	0.279851	0.322751	0.261838	0.247678	0.267857	0.276364	0.219444	0.240437	0.292887	0.247253	0.000000	0.248000	0.303523	0.277333	0.267296	0.295213	0.276712	0.282258	0.267956	0.274667	0.281337	0.316364	0.265027	0.223333	0.278317	0.286096	0.317391	0.279570	0.290970	0.316456	0.266409	0.282799	0.256757	0.312081	0.250000	0.271386	0.299094	0.242424	0.279202	0.278107	0.268072	0.281437	0.291667	0.318801	0.276596	0.299145	0.260753	0.243902	0.279133	0.297872	0.240541	0.283537	0.263636	
0.247813	0.273418	0.255474	0.261538	0.255507	0.298876	0.256345	0.286747	0.260736	0.270142	0.267857	0.292419	0.236486	0.248000	0.000000	0.271930	0.301282	0.275401	0.294624	0.278146	0.287879	0.302013	0.270968	0.328090	0.302115	0.303965	0.306306	0.248677	0.308351	0.287273	0.281996	0.267045	0.256831	0.244966	0.267943	0.271930	0.249315	0.273973	0.291469	0.280872	0.218062	0.269406	0.277108	0.258621	0.255528	0.275168	0.299559	0.319149	0.310905	0.298056	0.270677	0.303297	0.269978	0.268980	0.288221	0.273210	
0.324405	0.288660	0.288889	0.300940	0.348214	0.337130	0.321337	0.339024	0.295031	0.305085	0.326577	0.258182	0.271910	0.303523	0.271930	0.000000	0.319654	0.312668	0.281659	0.319911	0.295405	0.306122	0.273913	0.328767	0.347561	0.301339	0.340491	0.294118	0.328976	0.286245	0.317181	0.314286	0.272222	0.297297	0.309002	0.308725	0.306407	0.310345	0.302885	0.330864	0.294382	0.314815	0.273171	0.305970	0.211443	0.309795	0.295964	0.289417	0.304965	0.287281	0.344304	0.328160	0.288840	0.311258	0.298469	0.300268	
0.314869	0.335859	0.288321	0.325301	0.293103	0.315673	0.319307	0.316785	0.293051	0.289412	0.290110	0.272401	0.297778	0.277333	0.301282	0.319654	0.000000	0.288360	0.261053	0.262931	0.298097	0.285714	0.237395	0.206593	0.328402	0.316017	0.339339	0.259067	0.279412	0.315412	0.310638	0.296919	0.308108	0.289037	0.322353	0.308026	0.289894	0.280000	0.295349	0.296912	0.264642	0.269058	0.292453	0.297101	0.296117	0.333333	0.308855	0.302714	0.296128	0.319915	0.346535	0.303226	0.315011	0.302128	0.295567	0.313984	
0.233677	0.284024	0.281746	0.287770	0.281250	0.285326	0.251534	0.279539	0.275618	0.290598	0.271003	0.251029	0.299169	0.267296	0.275401	0.312668	0.288360	0.000000	0.251323	0.311653	0.263441	0.261111	0.272000	0.300275	0.265734	0.260753	0.233449	0.278287	0.309524	0.274590	0.272727	0.309677	0.286585	0.263158	0.289017	0.285714	0.281734	0.277778	0.272206	0.271137	0.267568	0.233516	0.273239	0.267442	0.264438	0.304582	0.281501	0.275591	0.273224	0.301333	0.270349	0.271505	0.290237	0.284946	0.274448	0.268987	
0.297376	0.301508	0.304029	0.296073	0.304348	0.317778	0.256858	0.296912	0.300912	0.330986	0.282276	0.304348	0.279642	0.295213	0.294624	0.281659	0.261053	0.251323	0.000000	0.260870	0.272340	0.284141	0.232068	0.257143	0.318452	0.284165	0.342342	0.312500	0.290526	0.292419	0.329060	0.307263	0.346154	0.245847	0.298578	0.312364	0.284574	0.284116	0.280374	0.306220	0.289760	0.284753	0.285377	0.295400	0.283619	0.314286	0.314534	0.292017	0.318907	0.303609	0.312655	0.304536	0.339703	0.300640	0.298507	0.297872	
0.291793	0.273196	0.304511	0.288344	0.255411	0.320542	0.263291	0.273608	0.268293	0.279126	0.278912	0.285199	0.291954	0.276712	0.278146	0.319911	0.262931	0.311653	0.260870	0.000000	0.276688	0.275785	0.253796	0.275785	0.299401	0.257271	0.323171	0.289125	0.299349	0.272727	0.299781	0.286932	0.293478	0.251678	0.282974	0.324385	0.271003	0.252874	0.292566	0.272506	0.280899	0.284722	0.301932	0.276543	0.276808	0.288939	0.298673	0.310345	0.296471	0.271335	0.308861	0.295556	0.305011	0.307018	0.275253	0.279133	
0.301775	0.311224	0.305147	0.323077	0.271930	0.314031	0.267003	0.274463	0.290520	0.296912	0.290466	0.284173	0.278652	0.282258	0.287879	0.295405	0.298097	0.263441	0.272340	0.276688	0.000000	0.298673	0.262712	0.305987	0.260479	0.246187	0.322188	0.250653	0.288747	0.276364	0.258065	0.286517	0.278689	0.274247	0.254157	0.251641	0.270053	0.250000	0.252955	0.284689	0.248352	0.278912	0.289786	0.271845	0.261084	0.267699	0.264192	0.310782	0.275229	0.277778	0.300752	0.271739	0.314103	0.289079	0.306733	0.302139	
0.300613	0.307087	0.259542	0.281646	0.286996	0.296296	0.283117	0.274074	0.291022	0.286064	0.284404	0.293040	0.276744	0.267956	0.302013	0.306122	0.285714	0.261111	0.284141	0.275785	0.298673	0.000000	0.280702	0.252874	0.274691	0.302483	0.300000	0.313351	0.284768	0.276753	0.305122	0.282799	0.258427	0.294915	0.277641	0.313636	0.289694	0.305556	0.276442	0.274074	0.284424	0.254079	0.296569	0.298995	0.271574	0.311778	0.310658	0.247807	0.308789	0.286667	0.291990	0.333333	0.283186	0.265033	0.293059	0.303867	
0.310850	0.273418	0.282051	0.306991	0.262931	0.303097	0.264339	0.269504	0.268072	0.266509	0.275330	0.275000	0.254464	0.274667	0.270968	0.273913	0.237395	0.272000	0.232068	0.253796	0.262712	0.280702	0.000000	0.221978	0.282738	0.273319	0.310241	0.276762	0.280000	0.279570	0.284188	0.287709	0.286486	0.268212	0.284706	0.276087	0.263298	0.273942	0.275701	0.250000	0.251641	0.285393	0.264775	0.289855	0.221411	0.305495	0.271150	0.306723	0.285388	0.290870	0.288557	0.272138	0.286017	0.279915	0.271605	0.284574	
0.320242	0.288360	0.300752	0.328173	0.321739	0.278802	0.304124	0.320197	0.307453	0.287129	0.285714	0.329670	0.327103	0.281337	0.328090	0.328767	0.206593	0.300275	0.257143	0.275785	0.305987	0.252874	0.221978	0.000000	0.306061	0.270455	0.321981	0.291444	0.305495	0.335793	0.335570	0.314121	0.303867	0.262799	0.319613	0.318182	0.279133	0.300469	0.289538	0.283619	0.276888	0.287703	0.301703	0.317500	0.265000	0.320455	0.327314	0.298246	0.319905	0.313333	0.327366	0.321267	0.316372	0.308036	0.311054	0.344444	
0.294606	0.296820	0.266990	0.302239	0.268657	0.342508	0.251613	0.229560	0.311284	0.305369	0.299383	0.299145	0.349206	0.316364	0.302115	0.347561	0.328402	0.265734	0.318452	0.299401	0.260479	0.274691	0.282738	0.306061	0.000000	0.201201	0.286275	0.240924	0.307463	0.258197	0.264264	0.292593	0.313253	0.244898	0.255591	0.273006	0.280000	0.267081	0.262987	0.261146	0.314024	0.286604	0.331210	0.294872	0.282392	0.310241	0.332326	0.305638	0.305031	0.271084	0.269103	0.280488	0.306785	0.290419	0.307167	0.298893	
0.314371	0.289062	0.305660	0.314465	0.274336	0.319635	0.220513	0.254237	0.312693	0.266990	0.295711	0.258993	0.290323	0.265027	0.303965	0.301339	0.316017	0.260753	0.284165	0.257271	0.246187	0.302483	0.273319	0.270455	0.201201	0.000000	0.303406	0.268617	0.310870	0.269784	0.258772	0.277143	0.294444	0.255892	0.284337	0.247768	0.277174	0.268182	0.247002	0.264059	0.274554	0.260970	0.314770	0.290323	0.275253	0.312925	0.310962	0.308855	0.300699	0.284464	0.328283	0.284768	0.298475	0.333333	0.289744	0.325203	
0.258065	0.254019	0.252066	0.299595	0.301136	0.321212	0.243243	0.262987	0.253788	0.209375	0.253823	0.281818	0.318750	0.223333	0.306306	0.340491	0.339339	0.233449	0.342342	0.323171	0.322188	0.300000	0.310241	0.321981	0.286275	0.303406	0.000000	0.312715	0.359281	0.276995	0.312121	0.285185	0.302632	0.259259	0.275974	0.324159	0.335740	0.282609	0.325879	0.294702	0.281734	0.296875	0.314103	0.305921	0.278689	0.339506	0.297297	0.305389	0.353312	0.285714	0.280936	0.266871	0.308383	0.289634	0.292929	0.286195	
0.296820	0.285714	0.304167	0.303136	0.298578	0.294595	0.248521	0.259777	0.237931	0.272727	0.276423	0.296443	0.285714	0.278317	0.248677	0.294118	0.259067	0.278287	0.312500	0.289125	0.250653	0.313351	0.276762	0.291444	0.240924	0.268617	0.312715	0.000000	0.263021	0.257692	0.278947	0.281553	0.317647	0.252830	0.252778	0.254642	0.272997	0.240541	0.242254	0.269122	0.245946	0.266304	0.311111	0.271955	0.281525	0.275132	0.256614	0.298701	0.273224	0.269129	0.275362	0.272000	0.268930	0.250660	0.265244	0.282958	
0.313953	0.345088	0.315217	0.323263	0.304348	0.220264	0.261845	0.307329	0.324242	0.316901	0.296703	0.305755	0.286353	0.286096	0.308351	0.328976	0.279412	0.309524	0.290526	0.299349	0.288747	0.284768	0.280000	0.305495	0.307463	0.310870	0.359281	0.263021	0.000000	0.305755	0.304255	0.294118	0.271739	0.296667	0.308962	0.306695	0.302139	0.275168	0.277389	0.271429	0.270742	0.260090	0.245283	0.256659	0.274939	0.227571	0.258621	0.257862	0.256236	0.260042	0.304455	0.323276	0.340381	0.256356	0.299505	0.301587	
0.277228	0.269710	0.293785	0.323276	0.309942	0.307692	0.258687	0.248120	0.276316	0.294355	0.270677	0.261905	0.306513	0.317391	0.287273	0.286245	0.315412	0.274590	0.292419	0.272727	0.276364	0.276753	0.279570	0.335793	0.258197	0.269784	0.276995	0.257692	0.305755	0.000000	0.287770	0.238298	0.302632	0.211712	0.264151	0.293040	0.274809	0.250923	0.288462	0.306818	0.303704	0.289474	0.302682	0.289575	0.305882	0.294118	0.332117	0.323741	0.344569	0.262774	0.311284	0.322344	0.311828	0.317518	0.290323	0.220339	
0.299703	0.317949	0.337037	0.333333	0.314410	0.311659	0.271357	0.304762	0.335385	0.293839	0.296214	0.315217	0.288939	0.279570	0.281996	0.317181	0.310638	0.272727	0.329060	0.299781	0.258065	0.305122	0.284188	0.335570	0.264264	0.258772	0.312121	0.278947	0.304255	0.287770	0.000000	0.214485	0.287293	0.273333	0.236967	0.286957	0.302703	0.244344	0.274882	0.316425	0.238411	0.293850	0.322196	0.312808	0.278325	0.284444	0.310722	0.297240	0.294253	0.301075	0.331658	0.317391	0.311159	0.282328	0.318408	0.312834	
0.280000	0.279365	0.330435	0.301158	0.319797	0.291908	0.267296	0.298780	0.286738	0.283077	0.293605	0.231760	0.279070	0.290970	0.267045	0.314286	0.296919	0.309677	0.307263	0.286932	0.286517	0.282799	0.287709	0.314121	0.292593	0.277143	0.285185	0.281553	0.294118	0.238298	0.214485	0.000000	0.289157	0.243137	0.219219	0.281690	0.279070	0.258721	0.261261	0.287879	0.267241	0.302053	0.292537	0.284404	0.291022	0.289773	0.308571	0.294444	0.305233	0.287324	0.343653	0.327635	0.308123	0.300283	0.297468	0.292359	
0.274648	0.294118	0.257353	0.256250	0.229630	0.308108	0.310734	0.301136	0.257669	0.266667	0.323699	0.246575	0.299435	0.316456	0.256831	0.272222	0.308108	0.286585	0.346154	0.293478	0.278689	0.258427	0.286486	0.303867	0.313253	0.294444	0.302632	0.317647	0.271739	0.302632	0.287293	0.289157	0.000000	0.256250	0.297753	0.297753	0.281609	0.295455	0.308571	0.270718	0.248588	0.275281	0.232558	0.271676	0.260116	0.320652	0.315217	0.271739	0.220339	0.307692	0.309942	0.338889	0.255435	0.263736	0.267442	0.273292	
0.282158	0.257246	0.227053	0.284553	0.291892	0.297297	0.266904	0.263158	0.277108	0.267857	0.230241	0.291480	0.283276	0.266409	0.244966	0.297297	0.289037	0.263158	0.245847	0.251678	0.274247	0.294915	0.268212	0.262799	0.244898	0.255892	0.259259	0.252830	0.296667	0.211712	0.273333	0.243137	0.256250	0.000000	0.229965	0.265101	0.298113	0.243902	0.271429	0.247350	0.238095	0.275261	0.254355	0.261649	0.251799	0.290102	0.328859	0.265781	0.278746	0.274247	0.302920	0.322148	0.280000	0.282828	0.268657	0.270270	
0.288889	0.306180	0.307393	0.274510	0.251121	0.328467	0.263441	0.272727	0.298077	0.321053	0.277228	0.275093	0.279703	0.282799	0.267943	0.309002	0.322353	0.289017	0.298578	0.282974	0.254157	0.277641	0.284706	0.319613	0.255591	0.284337	0.275974	0.252778	0.308962	0.264151	0.236967	0.219219	0.297753	0.229965	0.000000	0.301435	0.277457	0.260652	0.289062	0.281250	0.271394	0.263682	0.290909	0.293194	0.262599	0.284672	0.317308	0.294118	0.265823	0.276850	0.339726	0.306024	0.298578	0.278177	0.302452	0.273775	
0.258160	0.268041	0.271375	0.329154	0.300448	0.289294	0.269923	0.294404	0.298137	0.299760	0.269663	0.278388	0.287016	0.256757	0.271930	0.308725	0.308026	0.285714	0.312364	0.324385	0.251641	0.313636	0.276087	0.318182	0.273006	0.247768	0.324159	0.254642	0.306695	0.293040	0.286957	0.281690	0.297753	0.265101	0.301435	0.000000	0.269231	0.274194	0.273810	0.299754	0.266219	0.298611	0.286747	0.270000	0.300995	0.317460	0.296214	0.305195	0.296037	0.285403	0.275949	0.280973	0.314410	0.333333	0.332481	0.299191	
0.264151	0.293930	0.301310	0.267123	0.241706	0.285714	0.293413	0.319088	0.297491	0.328267	0.300000	0.318548	0.289398	0.312081	0.249315	0.306407	0.289894	0.281734	0.284574	0.271003	0.270053	0.289694	0.263298	0.279133	0.280000	0.277174	0.335740	0.272997	0.302139	0.274809	0.302703	0.279070	0.281609	0.298113	0.277457	0.269231	0.000000	0.225275	0.255747	0.253561	0.283747	0.265928	0.283237	0.255747	0.256098	0.259459	0.301075	0.275862	0.291667	0.279570	0.269697	0.304110	0.273936	0.275676	0.309598	0.285714	
0.262500	0.291005	0.273077	0.309904	0.268182	0.284038	0.245383	0.292500	0.312303	0.274074	0.259861	0.298507	0.278302	0.250000	0.273973	0.310345	0.280000	0.277778	0.284116	0.252874	0.250000	0.305556	0.273942	0.300469	0.267081	0.268182	0.282609	0.240541	0.275168	0.250923	0.244344	0.258721	0.295455	0.243902	0.260652	0.274194	0.225275	0.000000	0.231884	0.267677	0.258581	0.279621	0.287129	0.269521	0.265464	0.277389	0.288991	0.279379	0.301205	0.259009	0.289406	0.289294	0.292135	0.272109	0.268421	0.307479	
0.281553	0.286111	0.297619	0.292208	0.265116	0.281553	0.266667	0.281250	0.290735	0.301546	0.270531	0.249027	0.272727	0.271386	0.291469	0.302885	0.295349	0.272206	0.280374	0.292566	0.252955	0.276442	0.275701	0.289538	0.262987	0.247002	0.325879	0.242254	0.277389	0.288462	0.274882	0.261261	0.308571	0.271429	0.289062	0.273810	0.255747	0.231884	0.000000	0.277922	0.275120	0.280872	0.286076	0.238961	0.262032	0.276029	0.288095	0.257541	0.267813	0.292056	0.313830	0.270784	0.291080	0.273585	0.270492	0.308140	
0.324503	0.313218	0.324000	0.287097	0.247748	0.245700	0.286885	0.297368	0.283871	0.262032	0.281095	0.263359	0.279597	0.299094	0.280872	0.330864	0.296912	0.271137	0.306220	0.272506	0.284689	0.274074	0.250000	0.283619	0.261146	0.264059	0.294702	0.269122	0.271429	0.306818	0.316425	0.287879	0.270718	0.247350	0.281250	0.299754	0.253561	0.267677	0.277922	0.000000	0.256158	0.255528	0.276486	0.236702	0.267905	0.303178	0.295844	0.285036	0.265000	0.283654	0.283333	0.290954	0.308612	0.302885	0.285714	0.279279	
0.319277	0.273438	0.299242	0.307453	0.299107	0.273563	0.276215	0.311436	0.315625	0.245783	0.254545	0.283582	0.265446	0.242424	0.218062	0.294382	0.264642	0.267568	0.289760	0.280899	0.248352	0.284424	0.251641	0.276888	0.314024	0.274554	0.281734	0.245946	0.270742	0.303704	0.238411	0.267241	0.248588	0.238095	0.271394	0.266219	0.283747	0.258581	0.275120	0.256158	0.000000	0.251152	0.286408	0.280397	0.296758	0.282167	0.287946	0.280172	0.262295	0.275711	0.276650	0.311111	0.274123	0.268722	0.290816	0.259459	
0.257862	0.264706	0.276923	0.267296	0.290179	0.278689	0.267905	0.299252	0.301887	0.283582	0.286047	0.252830	0.266509	0.279202	0.269406	0.314815	0.269058	0.233516	0.284753	0.284722	0.278912	0.254079	0.285393	0.287703	0.286604	0.260970	0.296875	0.266304	0.260090	0.289474	0.293850	0.302053	0.275281	0.275261	0.263682	0.298611	0.265928	0.279621	0.280872	0.255528	0.251152	0.000000	0.297030	0.269036	0.255754	0.271889	0.294521	0.256125	0.271429	0.293454	0.290909	0.270023	0.283784	0.286364	0.284211	0.274788	
0.268608	0.268908	0.276265	0.270096	0.272300	0.247549	0.275766	0.297368	0.270968	0.286458	0.254902	0.285171	0.306733	0.278107	0.277108	0.273171	0.292453	0.273239	0.285377	0.301932	0.289786	0.296569	0.264775	0.301703	0.331210	0.314770	0.314103	0.311111	0.245283	0.302682	0.322196	0.292537	0.232558	0.254355	0.290909	0.286747	0.283237	0.287129	0.286076	0.276486	0.286408	0.297030	0.000000	0.231169	0.246612	0.288835	0.274699	0.288416	0.253071	0.332542	0.290323	0.266344	0.272512	0.288095	0.313889	0.293769	
0.270000	0.286533	0.273810	0.271523	0.231481	0.238213	0.284507	0.297872	0.264026	0.283422	0.282500	0.207547	0.248731	0.268072	0.258621	0.305970	0.297101	0.267442	0.295400	0.276543	0.271845	0.298995	0.289855	0.317500	0.294872	0.290323	0.305921	0.271955	0.256659	0.289575	0.312808	0.284404	0.271676	0.261649	0.293194	0.270000	0.255747	0.269521	0.238961	0.236702	0.280397	0.269036	0.231169	0.000000	0.279006	0.270936	0.293532	0.280193	0.266497	0.274510	0.303867	0.282178	0.305085	0.281174	0.313390	0.295522	
0.275081	0.274286	0.273810	0.252525	0.248826	0.288265	0.252778	0.300532	0.260135	0.267380	0.293671	0.284047	0.265664	0.281437	0.255528	0.211443	0.296117	0.264438	0.283619	0.276808	0.261084	0.271574	0.221411	0.265000	0.282392	0.275253	0.278689	0.281525	0.274939	0.305882	0.278325	0.291022	0.260116	0.251799	0.262599	0.300995	0.256098	0.265464	0.262032	0.267905	0.296758	0.255754	0.246612	0.279006	0.000000	0.259446	0.275000	0.276029	0.316623	0.253695	0.292135	0.282878	0.264059	0.283951	0.298050	0.278443	
0.294833	0.309711	0.297398	0.270186	0.284444	0.237443	0.271318	0.299754	0.274143	0.334152	0.314943	0.305147	0.302326	0.291667	0.275168	0.309795	0.333333	0.304582	0.314286	0.288939	0.267699	0.311778	0.305495	0.320455	0.310241	0.312925	0.339506	0.275132	0.227571	0.294118	0.284444	0.289773	0.320652	0.290102	0.284672	0.317460	0.259459	0.277389	0.276029	0.303178	0.282167	0.271889	0.288835	0.270936	0.259446	0.000000	0.236203	0.274510	0.256410	0.237885	0.299748	0.286996	0.337748	0.298673	0.308483	0.297003	
0.319403	0.312020	0.277778	0.330275	0.314159	0.254505	0.300000	0.306024	0.250000	0.290557	0.319005	0.344322	0.286041	0.318801	0.299559	0.295964	0.308855	0.281501	0.314534	0.298673	0.264192	0.310658	0.271150	0.327314	0.332326	0.310962	0.297297	0.256614	0.258621	0.332117	0.310722	0.308571	0.315217	0.328859	0.317308	0.296214	0.301075	0.288991	0.288095	0.295844	0.287946	0.294521	0.274699	0.293532	0.275000	0.236203	0.000000	0.302575	0.274827	0.295011	0.288557	0.209251	0.286334	0.286026	0.285354	0.275401	
0.259475	0.305556	0.250909	0.295181	0.310345	0.290749	0.297767	0.345882	0.321212	0.284038	0.322368	0.304659	0.305310	0.276596	0.319149	0.289417	0.302714	0.275591	0.292017	0.310345	0.310782	0.247807	0.306723	0.298246	0.305638	0.308855	0.305389	0.298701	0.257862	0.323741	0.297240	0.294444	0.271739	0.265781	0.294118	0.305195	0.275862	0.279379	0.257541	0.285036	0.280172	0.256125	0.288416	0.280193	0.276029	0.274510	0.302575	0.000000	0.253394	0.277895	0.325123	0.322650	0.297468	0.295117	0.294118	0.322835	
0.293375	0.310627	0.282443	0.296530	0.327273	0.262911	0.308943	0.306533	0.304762	0.317259	0.327014	0.281369	0.278450	0.299145	0.310905	0.304965	0.296128	0.273224	0.318907	0.296471	0.275229	0.308789	0.285388	0.319905	0.305031	0.300699	0.353312	0.273224	0.256236	0.344569	0.294253	0.305233	0.220339	0.278746	0.265823	0.296037	0.291667	0.301205	0.267813	0.265000	0.262295	0.271429	0.253071	0.266497	0.316623	0.256410	0.274827	0.253394	0.000000	0.282460	0.335979	0.298611	0.291572	0.302961	0.280000	0.280000	
0.280236	0.267857	0.280443	0.293578	0.286344	0.287305	0.267003	0.310263	0.288344	0.296912	0.277162	0.318681	0.279642	0.260753	0.298056	0.287281	0.319915	0.301333	0.303609	0.271335	0.277778	0.286667	0.290870	0.313333	0.271084	0.284464	0.285714	0.269129	0.260042	0.262774	0.301075	0.287324	0.307692	0.274247	0.276850	0.285403	0.279570	0.259009	0.292056	0.283654	0.275711	0.293454	0.332542	0.274510	0.253695	0.237885	0.295011	0.277895	0.282460	0.000000	0.267990	0.299569	0.294872	0.270789	0.282178	0.294430	
0.286667	0.267045	0.306452	0.276817	0.303922	0.269923	0.291066	0.297003	0.274834	0.283784	0.285714	0.306773	0.293506	0.243902	0.270677	0.344304	0.346535	0.270349	0.312655	0.308861	0.300752	0.291990	0.288557	0.327366	0.269103	0.328283	0.280936	0.275362	0.304455	0.311284	0.331658	0.343653	0.309942	0.302920	0.339726	0.275949	0.269697	0.289406	0.313830	0.283333	0.276650	0.290909	0.290323	0.303867	0.292135	0.299748	0.288557	0.325123	0.335979	0.267990	0.000000	0.253133	0.304455	0.236318	0.294798	0.296407	
0.263473	0.266839	0.266667	0.322981	0.312775	0.301587	0.253197	0.271186	0.266254	0.245192	0.322148	0.301471	0.276018	0.279133	0.303297	0.328160	0.303226	0.271505	0.304536	0.295556	0.271739	0.333333	0.272138	0.321267	0.280488	0.284768	0.266871	0.272000	0.323276	0.322344	0.317391	0.327635	0.338889	0.322148	0.306024	0.280973	0.304110	0.289294	0.270784	0.290954	0.311111	0.270023	0.266344	0.282178	0.282878	0.286996	0.209251	0.322650	0.298611	0.299569	0.253133	0.000000	0.311015	0.305011	0.279597	0.282667	
0.276968	0.278481	0.264493	0.300912	0.313043	0.319290	0.301508	0.303318	0.278788	0.263529	0.318584	0.312950	0.305618	0.297872	0.269978	0.288840	0.315011	0.290237	0.339703	0.305011	0.314103	0.283186	0.286017	0.316372	0.306785	0.298475	0.308383	0.268930	0.340381	0.311828	0.311159	0.308123	0.255435	0.280000	0.298578	0.314410	0.273936	0.292135	0.291080	0.308612	0.274123	0.283784	0.272512	0.305085	0.264059	0.337748	0.286334	0.297468	0.291572	0.294872	0.304455	0.311015	0.000000	0.281116	0.272500	0.322751	
0.290801	0.314578	0.308550	0.282675	0.287611	0.304251	0.284635	0.310263	0.282209	0.289786	0.289532	0.304348	0.263039	0.240541	0.268980	0.311258	0.302128	0.284946	0.300640	0.307018	0.289079	0.265033	0.279915	0.308036	0.290419	0.333333	0.289634	0.250660	0.256356	0.317518	0.282328	0.300283	0.263736	0.282828	0.278177	0.333333	0.275676	0.272109	0.273585	0.302885	0.268722	0.286364	0.288095	0.281174	0.283951	0.298673	0.286026	0.295117	0.302961	0.270789	0.236318	0.305011	0.281116	0.000000	0.305764	0.288770	
0.295302	0.301775	0.289916	0.279310	0.311927	0.311856	0.275000	0.301630	0.292359	0.280556	0.301299	0.294355	0.297927	0.283537	0.288221	0.298469	0.295567	0.274448	0.298507	0.275253	0.306733	0.293059	0.271605	0.311054	0.307167	0.289744	0.292929	0.265244	0.299505	0.290323	0.318408	0.297468	0.267442	0.268657	0.302452	0.332481	0.309598	0.268421	0.270492	0.285714	0.290816	0.284211	0.313889	0.313390	0.298050	0.308483	0.285354	0.294118	0.280000	0.282178	0.294798	0.279597	0.272500	0.305764	0.000000	0.250737	
0.285246	0.284058	0.298387	0.281369	0.329670	0.336986	0.290520	0.309735	0.268817	0.274510	0.301630	0.271967	0.294278	0.263636	0.273210	0.300268	0.313984	0.268987	0.297872	0.279133	0.302139	0.303867	0.284574	0.344444	0.298893	0.325203	0.286195	0.282958	0.301587	0.220339	0.312834	0.292359	0.273292	0.270270	0.273775	0.299191	0.285714	0.307479	0.308140	0.279279	0.259459	0.274788	0.293769	0.295522	0.278443	0.297003	0.275401	0.322835	0.280000	0.294430	0.296407	0.282667	0.322751	0.288770	0.250737	0.000000	
