0.000000	0.269231	0.277344	0.289116	0.230769	0.253676	0.265101	0.296992	0.274510	0.252708	0.322581	0.254808	0.313208	0.283582	0.228070	0.282230	0.266667	0.267123	0.309434	0.251938	0.310345	0.243902	0.315789	0.232365	
0.269231	0.000000	0.189573	0.328571	0.251799	0.284314	0.345794	0.319797	0.326087	0.287879	0.397059	0.245614	0.344828	0.263415	0.299020	0.315271	0.280952	0.265700	0.291262	0.234375	0.272727	0.317536	0.272727	0.310881	
0.277344	0.189573	0.000000	0.306513	0.231707	0.273469	0.279245	0.283951	0.301802	0.311741	0.289062	0.275132	0.324000	0.314741	0.291339	0.296875	0.270270	0.292776	0.230453	0.261803	0.275862	0.272031	0.279070	0.235556	
0.289116	0.328571	0.306513	0.000000	0.209677	0.317857	0.302932	0.297101	0.254902	0.264808	0.328720	0.228571	0.293478	0.303249	0.284247	0.302721	0.280405	0.290429	0.301818	0.288973	0.323333	0.299663	0.301003	0.285714	
0.230769	0.251799	0.231707	0.209677	0.000000	0.230337	0.248677	0.310559	0.218935	0.256831	0.335294	0.235294	0.284091	0.244444	0.238889	0.280220	0.254144	0.273224	0.295455	0.276471	0.305556	0.248588	0.276836	0.276471	
0.253676	0.284314	0.273469	0.317857	0.230337	0.000000	0.190972	0.352941	0.287500	0.300752	0.298113	0.305419	0.332046	0.311284	0.289377	0.295203	0.258182	0.287770	0.286260	0.316667	0.280576	0.289855	0.349265	0.246753	
0.265101	0.345794	0.279245	0.302932	0.248677	0.190972	0.000000	0.291367	0.301158	0.263889	0.275862	0.272300	0.335714	0.339286	0.296296	0.276094	0.278523	0.300330	0.289286	0.301887	0.270627	0.255814	0.294314	0.266932	
0.296992	0.319797	0.283951	0.297101	0.310559	0.352941	0.291367	0.000000	0.293860	0.271318	0.341912	0.270270	0.333333	0.306452	0.272727	0.265683	0.307116	0.316176	0.292490	0.288136	0.299270	0.277372	0.305455	0.269406	
0.274510	0.326087	0.301802	0.254902	0.218935	0.287500	0.301158	0.293860	0.000000	0.261044	0.296296	0.251309	0.314655	0.254237	0.314741	0.236000	0.288000	0.303150	0.296610	0.270742	0.298805	0.245968	0.276000	0.247664	
0.252708	0.287879	0.311741	0.264808	0.256831	0.300752	0.263889	0.271318	0.261044	0.000000	0.295203	0.230392	0.303846	0.255725	0.283154	0.241993	0.258065	0.313167	0.250965	0.255906	0.298932	0.268817	0.330935	0.241379	
0.322581	0.397059	0.289062	0.328720	0.335294	0.298113	0.275862	0.341912	0.296296	0.295203	0.000000	0.326531	0.312030	0.374517	0.321300	0.287234	0.296429	0.340278	0.265152	0.319838	0.320690	0.250000	0.343860	0.320346	
0.254808	0.245614	0.275132	0.228571	0.235294	0.305419	0.272300	0.270270	0.251309	0.230392	0.326531	0.000000	0.284264	0.257426	0.265000	0.280788	0.239024	0.320388	0.285714	0.255319	0.282927	0.303483	0.284314	0.259067	
0.313208	0.344828	0.324000	0.293478	0.284091	0.332046	0.335714	0.333333	0.314655	0.303846	0.312030	0.284264	0.000000	0.329502	0.310861	0.313653	0.283582	0.322344	0.301527	0.354167	0.339416	0.304029	0.315018	0.316239	
0.283582	0.263415	0.314741	0.303249	0.244444	0.311284	0.339286	0.306452	0.254237	0.255725	0.374517	0.257426	0.329502	0.000000	0.284644	0.283582	0.297398	0.284672	0.285156	0.320833	0.313653	0.284133	0.308550	0.248963	
0.228070	0.299020	0.291339	0.284247	0.238889	0.289377	0.296296	0.272727	0.314741	0.283154	0.321300	0.265000	0.310861	0.284644	0.000000	0.257840	0.257042	0.263889	0.263158	0.240310	0.296552	0.276224	0.319298	0.247863	
0.282230	0.315271	0.296875	0.302721	0.280220	0.295203	0.276094	0.265683	0.236000	0.241993	0.287234	0.280788	0.313653	0.283582	0.257840	0.000000	0.245614	0.283276	0.249071	0.251938	0.262799	0.242215	0.335640	0.261603	
0.266667	0.280952	0.270270	0.280405	0.254144	0.258182	0.278523	0.307116	0.288000	0.258065	0.296429	0.239024	0.283582	0.297398	0.257042	0.245614	0.000000	0.255102	0.280443	0.222656	0.272109	0.259516	0.331010	0.231405	
0.267123	0.265700	0.292776	0.290429	0.273224	0.287770	0.300330	0.316176	0.303150	0.313167	0.340278	0.320388	0.322344	0.284672	0.263889	0.283276	0.255102	0.000000	0.318681	0.218391	0.264214	0.277966	0.284746	0.233607	
0.309434	0.291262	0.230453	0.301818	0.295455	0.286260	0.289286	0.292490	0.296610	0.250965	0.265152	0.285714	0.301527	0.285156	0.263158	0.249071	0.280443	0.318681	0.000000	0.267490	0.272059	0.261029	0.298507	0.236287	
0.251938	0.234375	0.261803	0.288973	0.276471	0.316667	0.301887	0.288136	0.270742	0.255906	0.319838	0.255319	0.354167	0.320833	0.240310	0.251938	0.222656	0.218391	0.267490	0.000000	0.294574	0.230469	0.295276	0.260274	
0.310345	0.272727	0.275862	0.323333	0.305556	0.280576	0.270627	0.299270	0.298805	0.298932	0.320690	0.282927	0.339416	0.313653	0.296552	0.262799	0.272109	0.264214	0.272059	0.294574	0.000000	0.208754	0.291525	0.278008	
0.243902	0.317536	0.272031	0.299663	0.248588	0.289855	0.255814	0.277372	0.245968	0.268817	0.250000	0.303483	0.304029	0.284133	0.276224	0.242215	0.259516	0.277966	0.261029	0.230469	0.208754	0.000000	0.285223	0.252066	
0.315789	0.272727	0.279070	0.301003	0.276836	0.349265	0.294314	0.305455	0.276000	0.330935	0.343860	0.284314	0.315018	0.308550	0.319298	0.335640	0.331010	0.284746	0.298507	0.295276	0.291525	0.285223	0.000000	0.270042	
0.232365	0.310881	0.235556	0.285714	0.276471	0.246753	0.266932	0.269406	0.247664	0.241379	0.320346	0.259067	0.316239	0.248963	0.247863	0.261603	0.231405	0.233607	0.236287	0.260274	0.278008	0.252066	0.270042	0.000000	
