0.000000	0.307554	0.337761	0.298725	0.299618	0.287770	0.256863	0.312977	0.342105	0.316306	0.341912	0.323755	0.333333	0.310940	0.350000	0.283702	0.266174	0.315421	0.332710	0.292111	0.311787	0.350272	0.263451	0.327968	0.291405	0.340659	0.344704	0.316479	0.295745	0.303730	0.302103	0.343119	0.316574	0.314779	0.328629	0.305709	0.333935	0.315789	0.322993	0.302913	0.325203	0.294545	0.310078	0.292727	0.298039	0.294964	0.283364	0.331532	0.311871	0.313406	0.325866	0.295290	0.320144	0.332130	0.308712	0.318436	0.312139	0.308550	0.341198	0.309091	0.315884	0.322581	
0.307554	0.000000	0.300166	0.294207	0.290816	0.276018	0.300518	0.284779	0.284211	0.280992	0.261941	0.271429	0.286179	0.277686	0.266026	0.261618	0.263911	0.317895	0.285024	0.302457	0.296355	0.280781	0.275591	0.280551	0.292639	0.265116	0.280597	0.291925	0.269461	0.279001	0.253886	0.279809	0.300158	0.308621	0.312384	0.294931	0.300595	0.278481	0.284195	0.310287	0.297114	0.271493	0.280389	0.281298	0.286179	0.296407	0.273994	0.236960	0.295290	0.269461	0.296846	0.252648	0.271237	0.220896	0.302508	0.253247	0.216966	0.315133	0.274096	0.248503	0.304414	0.301667	
0.337761	0.300166	0.000000	0.320339	0.272232	0.332773	0.330241	0.294849	0.330855	0.291139	0.304795	0.320423	0.316062	0.302867	0.278571	0.296992	0.310646	0.300448	0.303887	0.296443	0.315697	0.310924	0.310225	0.339658	0.320792	0.318569	0.318937	0.336222	0.277551	0.279869	0.291667	0.307560	0.333907	0.305302	0.309478	0.320819	0.318937	0.346416	0.297297	0.315412	0.318267	0.318182	0.300546	0.301695	0.311712	0.293823	0.304940	0.305509	0.282197	0.270134	0.312139	0.284264	0.303840	0.335000	0.333333	0.309315	0.310036	0.332753	0.359664	0.305228	0.312709	0.309353	
0.298725	0.294207	0.320339	0.000000	0.260035	0.275651	0.299465	0.293046	0.267606	0.308600	0.259843	0.272873	0.251240	0.214286	0.277597	0.240000	0.266667	0.286017	0.277504	0.278311	0.275200	0.302469	0.277689	0.307018	0.274368	0.298413	0.291411	0.288189	0.308163	0.274510	0.271127	0.284790	0.307942	0.288225	0.293358	0.267606	0.305936	0.322061	0.292570	0.261698	0.264957	0.307692	0.289474	0.279809	0.264026	0.271186	0.268254	0.265745	0.283054	0.273846	0.266038	0.257364	0.278287	0.269646	0.292800	0.265781	0.267227	0.304416	0.293023	0.286154	0.273011	0.311755	
0.299618	0.290816	0.272232	0.260035	0.000000	0.271304	0.261682	0.291280	0.329480	0.288603	0.275742	0.290090	0.265018	0.294991	0.263060	0.293204	0.243860	0.273563	0.280576	0.288066	0.294333	0.288396	0.285714	0.270955	0.281947	0.307427	0.278157	0.293381	0.259336	0.265101	0.244936	0.271605	0.316254	0.312500	0.291165	0.287478	0.299320	0.301920	0.290210	0.284112	0.268482	0.265165	0.293680	0.269297	0.270370	0.287905	0.281034	0.284497	0.293333	0.300341	0.285714	0.251712	0.275387	0.298456	0.284452	0.249104	0.267035	0.350181	0.311958	0.282007	0.288889	0.310909	
0.287770	0.276018	0.332773	0.275651	0.271304	0.000000	0.251318	0.302782	0.302977	0.293132	0.293292	0.267091	0.277504	0.298680	0.287758	0.271012	0.266881	0.278826	0.287338	0.274102	0.270866	0.319572	0.264753	0.283993	0.267380	0.288854	0.307692	0.274143	0.277666	0.282738	0.282723	0.303859	0.299679	0.298951	0.286496	0.294299	0.304676	0.320000	0.297256	0.290816	0.278716	0.282675	0.294023	0.264567	0.254457	0.289193	0.295597	0.297872	0.300917	0.273556	0.289179	0.262270	0.260935	0.328767	0.319489	0.257749	0.277686	0.331776	0.338931	0.275495	0.298762	0.317647	
0.256863	0.300518	0.330241	0.299465	0.261682	0.251318	0.000000	0.271719	0.318812	0.314815	0.309735	0.289908	0.272563	0.296578	0.259328	0.288235	0.238698	0.284404	0.299445	0.291060	0.308257	0.302609	0.289331	0.300395	0.288344	0.303351	0.296360	0.295495	0.272340	0.289608	0.259470	0.311712	0.290909	0.326336	0.288032	0.301248	0.314879	0.303411	0.303351	0.286252	0.295635	0.308772	0.290019	0.275439	0.249531	0.289428	0.282686	0.291883	0.284600	0.297578	0.292929	0.271605	0.279029	0.289428	0.291892	0.285451	0.296226	0.316364	0.314587	0.285217	0.288462	0.285714	
0.312977	0.284779	0.294849	0.293046	0.291280	0.302782	0.271719	0.000000	0.305400	0.278863	0.283806	0.293515	0.288967	0.248687	0.271331	0.290909	0.282230	0.283516	0.253940	0.267191	0.243151	0.297030	0.281787	0.312274	0.262264	0.306914	0.306056	0.278523	0.307203	0.305466	0.269017	0.306368	0.298635	0.293358	0.295585	0.281667	0.305057	0.309932	0.286424	0.283154	0.290909	0.287603	0.266436	0.304569	0.277778	0.268977	0.266102	0.285008	0.275930	0.276316	0.304519	0.270764	0.295752	0.305281	0.280612	0.259325	0.291005	0.334448	0.293729	0.268534	0.297659	0.310909	
0.342105	0.284211	0.330855	0.267606	0.329480	0.302977	0.318812	0.305400	0.000000	0.324324	0.304900	0.308664	0.285714	0.305400	0.280220	0.268482	0.310219	0.291667	0.273897	0.286902	0.275676	0.343915	0.288043	0.295019	0.301619	0.272890	0.335664	0.275000	0.333333	0.281787	0.298077	0.322523	0.329690	0.317919	0.298000	0.328571	0.335664	0.313975	0.318662	0.295238	0.283019	0.310406	0.310409	0.312274	0.267658	0.302285	0.327986	0.284211	0.310484	0.279930	0.310062	0.282953	0.305944	0.301920	0.294224	0.304029	0.325843	0.342908	0.308099	0.278169	0.293286	0.358095	
0.316306	0.280992	0.291139	0.308600	0.288603	0.293132	0.314815	0.278863	0.324324	0.000000	0.292724	0.296360	0.305903	0.275046	0.292553	0.308550	0.278660	0.289954	0.289568	0.311475	0.306480	0.273032	0.297723	0.308550	0.297456	0.286201	0.307947	0.301370	0.306383	0.307818	0.296992	0.264448	0.313692	0.299618	0.330612	0.260647	0.259934	0.280488	0.271812	0.295880	0.283054	0.293823	0.289568	0.276451	0.315603	0.274086	0.294828	0.300664	0.254902	0.269868	0.288000	0.261667	0.270627	0.262895	0.320819	0.267504	0.286486	0.362847	0.317726	0.289782	0.283784	0.312268	
0.341912	0.261941	0.304795	0.259843	0.275742	0.293292	0.309735	0.283806	0.304900	0.292724	0.000000	0.277504	0.260504	0.284983	0.297342	0.280859	0.266886	0.262473	0.290268	0.309339	0.319672	0.284375	0.314332	0.301587	0.285451	0.307815	0.322481	0.316129	0.284848	0.289634	0.263717	0.303279	0.285948	0.296820	0.308129	0.323810	0.306502	0.320908	0.313880	0.238342	0.273997	0.281005	0.281879	0.253589	0.291946	0.268331	0.276083	0.232919	0.277778	0.269051	0.295113	0.270866	0.280864	0.289269	0.298387	0.257903	0.247078	0.330645	0.308892	0.299689	0.267296	0.308492	
0.323755	0.271429	0.320423	0.272873	0.290090	0.267091	0.289908	0.293515	0.308664	0.296360	0.277504	0.000000	0.275387	0.267581	0.271667	0.239362	0.282828	0.284783	0.297436	0.291339	0.301980	0.321027	0.286424	0.290323	0.316574	0.301483	0.311111	0.329545	0.306080	0.278560	0.311927	0.317032	0.308208	0.307551	0.309021	0.271845	0.304897	0.288851	0.295056	0.290036	0.294221	0.296178	0.279188	0.305648	0.273038	0.281150	0.283582	0.281847	0.276062	0.277338	0.261209	0.251613	0.282989	0.288462	0.323967	0.250000	0.263432	0.331169	0.324759	0.288462	0.275527	0.318505	
0.333333	0.286179	0.316062	0.251240	0.265018	0.277504	0.272563	0.288967	0.285714	0.305903	0.260504	0.275387	0.000000	0.253521	0.284965	0.253259	0.258503	0.277419	0.247878	0.301181	0.267581	0.299509	0.276560	0.270872	0.303846	0.291118	0.302932	0.269492	0.285714	0.263578	0.251773	0.249158	0.274874	0.278660	0.283525	0.308725	0.304700	0.280136	0.277686	0.244681	0.259669	0.301980	0.293497	0.277504	0.268551	0.282430	0.286424	0.289216	0.275926	0.281250	0.295019	0.259504	0.264706	0.309446	0.274874	0.256014	0.285211	0.309645	0.319605	0.281967	0.258278	0.291449	
0.310940	0.277686	0.302867	0.214286	0.294991	0.298680	0.296578	0.248687	0.305400	0.275046	0.284983	0.267581	0.253521	0.000000	0.264151	0.231752	0.260946	0.272926	0.265271	0.291016	0.255537	0.305369	0.255102	0.307273	0.288390	0.314433	0.272879	0.296108	0.263383	0.301146	0.289425	0.278746	0.280210	0.289720	0.289225	0.288625	0.270315	0.282496	0.285476	0.277372	0.272072	0.267559	0.246101	0.295533	0.276896	0.261307	0.281304	0.270000	0.263672	0.261667	0.277014	0.243655	0.268657	0.262895	0.298951	0.248214	0.249558	0.309524	0.273333	0.273333	0.287162	0.303957	
0.350000	0.266026	0.278571	0.277597	0.263060	0.287758	0.259328	0.271331	0.280220	0.292553	0.297342	0.271667	0.284965	0.264151	0.000000	0.275311	0.270690	0.300000	0.262267	0.309198	0.261866	0.291057	0.317568	0.286972	0.283122	0.302521	0.285024	0.273463	0.258547	0.268987	0.292365	0.302876	0.291809	0.339552	0.286528	0.310345	0.311502	0.321976	0.285714	0.300181	0.282496	0.284790	0.247892	0.303183	0.285956	0.274637	0.286667	0.285484	0.273973	0.265273	0.276553	0.264274	0.278400	0.279032	0.296796	0.293194	0.279232	0.304918	0.267742	0.284109	0.289474	0.320215	
0.283702	0.261618	0.296992	0.240000	0.293204	0.271012	0.288235	0.290909	0.268482	0.308550	0.280859	0.239362	0.253259	0.231752	0.275311	0.000000	0.260550	0.285393	0.284436	0.262940	0.264448	0.311734	0.279783	0.294776	0.282732	0.293165	0.285714	0.264808	0.270880	0.258944	0.285433	0.302368	0.281022	0.295499	0.282828	0.273684	0.297762	0.316456	0.275563	0.266284	0.258303	0.282230	0.257143	0.298748	0.263914	0.275087	0.272727	0.250000	0.272541	0.259450	0.248963	0.241681	0.253012	0.283993	0.290090	0.252809	0.270677	0.314783	0.294828	0.253054	0.245184	0.286528	
0.266174	0.263911	0.310646	0.266667	0.243860	0.266881	0.238698	0.282230	0.310219	0.278660	0.266886	0.282828	0.258503	0.260946	0.270690	0.260550	0.000000	0.269737	0.276923	0.290766	0.292724	0.296000	0.251232	0.289134	0.265152	0.296417	0.281847	0.285240	0.253608	0.273585	0.232975	0.296173	0.279070	0.298748	0.295238	0.299838	0.297771	0.293333	0.300325	0.263251	0.263441	0.263328	0.289880	0.281713	0.267703	0.279809	0.264274	0.259554	0.271186	0.280000	0.288425	0.249191	0.278846	0.298722	0.286913	0.265101	0.272097	0.326733	0.318841	0.266129	0.276873	0.301754	
0.315421	0.317895	0.300448	0.286017	0.273563	0.278826	0.284404	0.283516	0.291667	0.289954	0.262473	0.284783	0.277419	0.272926	0.300000	0.285393	0.269737	0.000000	0.271949	0.270983	0.276956	0.311441	0.299349	0.280973	0.301370	0.294372	0.285714	0.320594	0.267532	0.307692	0.287982	0.301099	0.290110	0.300448	0.315545	0.315451	0.325678	0.299559	0.300640	0.305310	0.297539	0.296375	0.278618	0.313684	0.282609	0.290870	0.298283	0.299578	0.281324	0.286316	0.318735	0.282937	0.288421	0.292276	0.325328	0.281938	0.285403	0.336188	0.311715	0.301255	0.290870	0.299550	
0.332710	0.285024	0.303887	0.277504	0.280576	0.287338	0.299445	0.253940	0.273897	0.289568	0.290268	0.297436	0.247878	0.265271	0.262267	0.284436	0.276923	0.271949	0.000000	0.291585	0.271523	0.290375	0.286195	0.257603	0.286517	0.298831	0.325770	0.287395	0.272349	0.263158	0.251356	0.269492	0.290102	0.295495	0.316288	0.326159	0.274478	0.273345	0.274220	0.269784	0.256732	0.278232	0.279588	0.267112	0.282986	0.288744	0.290216	0.310680	0.239006	0.282927	0.293204	0.257749	0.286179	0.285714	0.301184	0.285467	0.294737	0.315615	0.279221	0.273906	0.283828	0.309315	
0.292111	0.302457	0.296443	0.278311	0.288066	0.274102	0.291060	0.267191	0.286902	0.311475	0.309339	0.291339	0.301181	0.291016	0.309198	0.262940	0.290766	0.270983	0.291585	0.000000	0.292969	0.307252	0.295938	0.295688	0.287526	0.275194	0.292220	0.315891	0.263403	0.283054	0.276074	0.289062	0.324219	0.319756	0.327083	0.301923	0.297913	0.335271	0.289524	0.261044	0.273469	0.294118	0.318000	0.312741	0.296593	0.271347	0.284047	0.290323	0.288747	0.288973	0.281780	0.273603	0.291115	0.298677	0.280876	0.307540	0.289109	0.331395	0.313576	0.294677	0.282983	0.324544	
0.311787	0.296355	0.315697	0.275200	0.294333	0.270866	0.308257	0.243151	0.275676	0.306480	0.319672	0.301980	0.267581	0.255537	0.261866	0.264448	0.292724	0.276956	0.271523	0.292969	0.000000	0.310289	0.289517	0.294737	0.276173	0.299342	0.306962	0.284109	0.290254	0.289062	0.280510	0.297800	0.294118	0.318015	0.308271	0.300485	0.321203	0.322635	0.287540	0.293907	0.250000	0.288676	0.279534	0.316750	0.290268	0.271132	0.300330	0.295527	0.313346	0.269841	0.317554	0.269663	0.301587	0.299363	0.306667	0.291883	0.300518	0.323625	0.311005	0.270142	0.323577	0.341637	
0.350272	0.280781	0.310924	0.302469	0.288396	0.319572	0.302609	0.297030	0.343915	0.273032	0.284375	0.321027	0.299509	0.305369	0.291057	0.311734	0.296000	0.311441	0.290375	0.307252	0.310289	0.000000	0.338633	0.317073	0.326047	0.293750	0.318731	0.334385	0.274000	0.314540	0.293913	0.260870	0.267091	0.297203	0.311688	0.311248	0.272455	0.294212	0.304281	0.284264	0.334483	0.297872	0.287356	0.313480	0.322900	0.275495	0.304075	0.291541	0.261343	0.267477	0.295113	0.264526	0.288520	0.297583	0.320695	0.287356	0.276490	0.319685	0.334862	0.298938	0.299845	0.300336	
0.263451	0.275591	0.310225	0.277689	0.285714	0.264753	0.289331	0.281787	0.288043	0.297723	0.314332	0.286424	0.276560	0.255102	0.317568	0.279783	0.251232	0.299349	0.286195	0.295938	0.289517	0.338633	0.000000	0.314748	0.313544	0.300485	0.302215	0.294309	0.304703	0.302181	0.300000	0.318482	0.316750	0.301954	0.312734	0.299517	0.301887	0.310744	0.280702	0.272887	0.257092	0.285714	0.290102	0.296417	0.273504	0.273450	0.302100	0.286846	0.316667	0.298413	0.288973	0.271132	0.292722	0.292063	0.311774	0.267797	0.281034	0.324104	0.323810	0.275478	0.309179	0.338542	
0.327968	0.280551	0.339658	0.307018	0.270955	0.283993	0.300395	0.312274	0.295019	0.308550	0.301587	0.290323	0.270872	0.307273	0.286972	0.294776	0.289134	0.280973	0.257603	0.295688	0.294737	0.317073	0.314748	0.000000	0.281905	0.273703	0.282759	0.264808	0.274157	0.228426	0.251969	0.280797	0.297101	0.326214	0.303393	0.316814	0.300172	0.314748	0.321181	0.292776	0.289134	0.318339	0.321429	0.302491	0.237500	0.304348	0.286225	0.308362	0.311203	0.282496	0.313278	0.277778	0.305317	0.301205	0.300537	0.250929	0.312727	0.344464	0.321859	0.278830	0.294014	0.319923	
0.291405	0.292639	0.320792	0.274368	0.281947	0.267380	0.288344	0.262264	0.301619	0.297456	0.285451	0.316574	0.303846	0.288390	0.283122	0.282732	0.265152	0.301370	0.286517	0.287526	0.276173	0.326047	0.313544	0.281905	0.000000	0.293135	0.330935	0.265233	0.295508	0.264184	0.284254	0.293785	0.337143	0.351515	0.306911	0.306569	0.321364	0.313321	0.317117	0.284872	0.293893	0.313975	0.304991	0.295956	0.281192	0.280797	0.295749	0.326087	0.294872	0.293165	0.326882	0.287020	0.287253	0.309481	0.317164	0.269380	0.287072	0.352622	0.314848	0.295699	0.327239	0.333988	
0.340659	0.265116	0.318569	0.298413	0.307427	0.288854	0.303351	0.306914	0.272890	0.286201	0.307815	0.301483	0.291118	0.314433	0.302521	0.293165	0.296417	0.294372	0.298831	0.275194	0.299342	0.293750	0.300485	0.273703	0.293135	0.000000	0.302181	0.303571	0.284861	0.273282	0.246935	0.307190	0.320388	0.295255	0.327747	0.305380	0.308050	0.326797	0.295419	0.305026	0.290265	0.280125	0.303390	0.304625	0.251265	0.287950	0.310897	0.303738	0.296501	0.285491	0.300752	0.263407	0.281931	0.297806	0.287582	0.284768	0.276740	0.351133	0.332808	0.312989	0.291601	0.325939	
0.344704	0.280597	0.318937	0.291411	0.278157	0.307692	0.296360	0.306056	0.335664	0.307947	0.322481	0.311111	0.302932	0.272879	0.285024	0.285714	0.281847	0.285714	0.325770	0.292220	0.306962	0.318731	0.302215	0.282759	0.330935	0.302181	0.000000	0.299225	0.221557	0.321586	0.284974	0.311502	0.322785	0.324090	0.336431	0.288580	0.306886	0.346032	0.314504	0.308475	0.293515	0.285498	0.303922	0.321373	0.264610	0.277778	0.277950	0.305263	0.319343	0.270677	0.310280	0.276596	0.276532	0.299248	0.302839	0.296417	0.299835	0.369327	0.314675	0.289157	0.299237	0.341751	
0.316479	0.291925	0.336222	0.288189	0.293381	0.274143	0.295495	0.278523	0.275000	0.301370	0.316129	0.329545	0.269492	0.296108	0.273463	0.264808	0.285240	0.320594	0.287395	0.315891	0.284109	0.334385	0.294309	0.264808	0.265233	0.303571	0.299225	0.000000	0.276730	0.286810	0.274047	0.297030	0.308458	0.329730	0.336466	0.310897	0.292379	0.324547	0.321821	0.297012	0.268251	0.299843	0.288557	0.303571	0.244628	0.306250	0.277689	0.313480	0.316699	0.298600	0.307393	0.287520	0.298600	0.297340	0.297078	0.268251	0.296422	0.342357	0.316614	0.271028	0.300477	0.356140	
0.295745	0.269461	0.277551	0.308163	0.259336	0.277666	0.272340	0.307203	0.333333	0.306383	0.284848	0.306080	0.285714	0.263383	0.258547	0.270880	0.253608	0.267532	0.272349	0.263403	0.290254	0.274000	0.304703	0.274157	0.295508	0.284861	0.221557	0.276730	0.000000	0.266272	0.234568	0.287726	0.271047	0.314583	0.342282	0.309572	0.317365	0.317907	0.298990	0.268908	0.297727	0.272177	0.316017	0.258449	0.286031	0.285141	0.286869	0.306773	0.279167	0.254000	0.281319	0.266533	0.305389	0.302789	0.280992	0.283951	0.279070	0.363257	0.299197	0.277108	0.314629	0.340862	
0.303730	0.279001	0.279869	0.274510	0.265101	0.282738	0.289608	0.305466	0.281787	0.307818	0.289634	0.278560	0.263578	0.301146	0.268987	0.258944	0.273585	0.307692	0.263158	0.283054	0.289062	0.314540	0.302181	0.228426	0.264184	0.273282	0.321586	0.286810	0.266272	0.000000	0.246154	0.290424	0.295031	0.320273	0.294545	0.286798	0.293078	0.334375	0.310811	0.280467	0.280672	0.304478	0.296950	0.292945	0.268371	0.289318	0.286371	0.288462	0.299283	0.277037	0.306985	0.255988	0.304860	0.303704	0.285271	0.288462	0.316558	0.311248	0.342262	0.305638	0.302256	0.317881	
0.302103	0.253886	0.291667	0.271127	0.244936	0.282723	0.259470	0.269017	0.298077	0.296992	0.263717	0.311927	0.251773	0.289425	0.292365	0.285433	0.232975	0.287982	0.251356	0.276074	0.280510	0.293913	0.300000	0.251969	0.284254	0.246935	0.284974	0.274047	0.234568	0.246154	0.000000	0.264654	0.277281	0.309524	0.305556	0.307282	0.302926	0.311072	0.301056	0.271218	0.281250	0.283217	0.292365	0.280702	0.253788	0.272097	0.275742	0.284974	0.273786	0.270979	0.299213	0.253940	0.286458	0.290657	0.281588	0.274021	0.284387	0.329114	0.331010	0.282230	0.293913	0.331512	
0.343119	0.279809	0.307560	0.284790	0.271605	0.303859	0.311712	0.306368	0.322523	0.264448	0.303279	0.317032	0.249158	0.278746	0.302876	0.302368	0.296173	0.301099	0.269492	0.289062	0.297800	0.260870	0.318482	0.280797	0.293785	0.307190	0.311502	0.297030	0.287726	0.290424	0.264654	0.000000	0.286656	0.329806	0.295455	0.271686	0.273016	0.193443	0.288710	0.313725	0.308108	0.295820	0.286207	0.289902	0.276042	0.293740	0.288493	0.287758	0.284387	0.288000	0.288425	0.279294	0.265501	0.312102	0.306156	0.251689	0.284974	0.332779	0.291935	0.282958	0.273312	0.317789	
0.316574	0.300158	0.333907	0.307942	0.316254	0.299679	0.290909	0.298635	0.329690	0.313692	0.285948	0.308208	0.274874	0.280210	0.291809	0.281022	0.279070	0.290110	0.290102	0.324219	0.294118	0.267091	0.316750	0.297101	0.337143	0.320388	0.322785	0.308458	0.271047	0.295031	0.277281	0.286656	0.000000	0.320215	0.321154	0.297735	0.291139	0.292154	0.292880	0.281915	0.293694	0.257188	0.265411	0.287113	0.293310	0.291866	0.306056	0.305864	0.278505	0.280702	0.263566	0.262821	0.301109	0.281399	0.286667	0.286689	0.278351	0.295681	0.331731	0.294118	0.298387	0.305944	
0.314779	0.308621	0.305302	0.288225	0.312500	0.298951	0.326336	0.293358	0.317919	0.299618	0.296820	0.307551	0.278660	0.289720	0.339552	0.295499	0.298748	0.300448	0.295495	0.319756	0.318015	0.297203	0.301954	0.326214	0.351515	0.295255	0.324090	0.329730	0.314583	0.320273	0.309524	0.329806	0.320215	0.000000	0.300797	0.294118	0.322414	0.336268	0.290780	0.296501	0.283757	0.299824	0.304991	0.285714	0.291902	0.286713	0.293706	0.295652	0.271845	0.316344	0.298828	0.287456	0.301560	0.313793	0.324324	0.290036	0.316759	0.359855	0.348877	0.318261	0.283713	0.323105	
0.328629	0.312384	0.309478	0.293358	0.291165	0.286496	0.288032	0.295585	0.298000	0.330612	0.308129	0.309021	0.283525	0.289225	0.286528	0.282828	0.295238	0.315545	0.316288	0.327083	0.308271	0.311688	0.312734	0.303393	0.306911	0.327747	0.336431	0.336466	0.342282	0.294545	0.305556	0.295455	0.321154	0.300797	0.000000	0.318436	0.309524	0.306968	0.321691	0.310413	0.292585	0.323475	0.250000	0.295327	0.294347	0.290503	0.291589	0.305400	0.297131	0.277778	0.315789	0.310280	0.285714	0.309963	0.328215	0.297297	0.289883	0.329609	0.328386	0.312384	0.301498	0.321083	
0.305709	0.294931	0.320819	0.267606	0.287478	0.294299	0.301248	0.281667	0.328571	0.260647	0.323810	0.271845	0.308725	0.288625	0.310345	0.273684	0.299838	0.315451	0.326159	0.301923	0.300485	0.311248	0.299517	0.316814	0.306569	0.305380	0.288580	0.310897	0.309572	0.286798	0.307282	0.271686	0.297735	0.294118	0.318436	0.000000	0.290965	0.301303	0.297045	0.309154	0.301394	0.279753	0.269103	0.273312	0.282862	0.291277	0.309295	0.295666	0.266294	0.296584	0.298479	0.266041	0.284615	0.296296	0.328455	0.272120	0.307432	0.328594	0.329688	0.294574	0.274448	0.306228	
0.333935	0.300595	0.318937	0.305936	0.299320	0.304676	0.314879	0.305057	0.335664	0.259934	0.306502	0.304897	0.304700	0.270315	0.311502	0.297762	0.297771	0.325678	0.274478	0.297913	0.321203	0.272455	0.301887	0.300172	0.321364	0.308050	0.306886	0.292379	0.317365	0.293078	0.302926	0.273016	0.291139	0.322414	0.309524	0.290965	0.000000	0.313788	0.293051	0.305369	0.291032	0.280543	0.285484	0.305426	0.288493	0.302711	0.311146	0.301943	0.270909	0.276692	0.321561	0.261329	0.269058	0.264574	0.300156	0.273616	0.286184	0.330745	0.339879	0.307808	0.284404	0.295492	
0.315789	0.278481	0.346416	0.322061	0.301920	0.320000	0.303411	0.309932	0.313975	0.280488	0.320908	0.288851	0.280136	0.282496	0.321976	0.316456	0.293333	0.299559	0.273345	0.335271	0.322635	0.294212	0.310744	0.314748	0.313321	0.326797	0.346032	0.324547	0.317907	0.334375	0.311072	0.193443	0.292154	0.336268	0.306968	0.301303	0.313788	0.000000	0.303226	0.317708	0.283394	0.314103	0.318417	0.274797	0.284229	0.310400	0.318108	0.293651	0.300557	0.330671	0.298311	0.292135	0.289557	0.301587	0.325000	0.275804	0.289157	0.323967	0.310289	0.319489	0.285486	0.337370	
0.322993	0.284195	0.297297	0.292570	0.290210	0.297256	0.303351	0.286424	0.318662	0.271812	0.313880	0.295056	0.277686	0.285476	0.285714	0.275563	0.300325	0.300640	0.274220	0.289524	0.287540	0.304281	0.280702	0.321181	0.317117	0.295419	0.314504	0.321821	0.298990	0.310811	0.301056	0.288710	0.292880	0.290780	0.321691	0.297045	0.293051	0.303226	0.000000	0.311111	0.290102	0.292237	0.289951	0.282540	0.311987	0.278034	0.297940	0.287462	0.260073	0.271057	0.323970	0.254630	0.286798	0.283308	0.303030	0.268977	0.276490	0.333856	0.303077	0.299539	0.296412	0.326565	
0.302913	0.310287	0.315412	0.261698	0.284112	0.290816	0.286252	0.283154	0.295238	0.295880	0.238342	0.290036	0.244681	0.277372	0.300181	0.266284	0.263251	0.305310	0.269784	0.261044	0.293907	0.284264	0.272887	0.292776	0.284872	0.305026	0.308475	0.297012	0.268908	0.280467	0.271218	0.313725	0.281915	0.296501	0.310413	0.309154	0.305369	0.317708	0.311111	0.000000	0.214829	0.292808	0.319495	0.276632	0.294659	0.302048	0.302768	0.264407	0.248544	0.285714	0.262745	0.265866	0.284512	0.301003	0.301754	0.283688	0.289048	0.336842	0.305983	0.269036	0.287179	0.301645	
0.325203	0.297114	0.318267	0.264957	0.268482	0.278716	0.295635	0.290909	0.283019	0.283054	0.273997	0.294221	0.259669	0.272072	0.282496	0.258303	0.263441	0.297539	0.256732	0.273469	0.250000	0.334483	0.257092	0.289134	0.293893	0.290265	0.293515	0.268251	0.297727	0.280672	0.281250	0.308108	0.293694	0.283757	0.292585	0.301394	0.291032	0.283394	0.290102	0.214829	0.000000	0.297945	0.277193	0.290493	0.238516	0.283761	0.274648	0.278438	0.296066	0.271647	0.270833	0.264249	0.273038	0.277683	0.298770	0.274725	0.276364	0.332762	0.323729	0.262351	0.273830	0.324528	
0.294545	0.271493	0.318182	0.307692	0.265165	0.282675	0.308772	0.287603	0.310406	0.293823	0.281005	0.296178	0.301980	0.267559	0.284790	0.282230	0.263328	0.296375	0.278232	0.294118	0.288676	0.297872	0.285714	0.318339	0.313975	0.280125	0.285498	0.299843	0.272177	0.304478	0.283217	0.295820	0.257188	0.299824	0.323475	0.279753	0.280543	0.314103	0.292237	0.292808	0.297945	0.000000	0.291598	0.290679	0.285714	0.282012	0.278302	0.270106	0.307551	0.287671	0.303940	0.254211	0.277526	0.289193	0.282748	0.258649	0.262023	0.326531	0.280675	0.282443	0.277090	0.328283	
0.310078	0.280389	0.300546	0.289474	0.293680	0.294023	0.290019	0.266436	0.310409	0.289568	0.281879	0.279188	0.293497	0.246101	0.247892	0.257143	0.289880	0.278618	0.279588	0.318000	0.279534	0.287356	0.290102	0.321429	0.304991	0.303390	0.303922	0.288557	0.316017	0.296950	0.292365	0.286207	0.265411	0.304991	0.250000	0.269103	0.285484	0.318417	0.289951	0.319495	0.277193	0.291598	0.000000	0.304714	0.284229	0.261438	0.272269	0.302932	0.261386	0.260229	0.287726	0.269608	0.278049	0.286872	0.312605	0.256184	0.277487	0.312812	0.286645	0.285945	0.293333	0.293478	
0.292727	0.281298	0.301695	0.279809	0.269297	0.264567	0.275439	0.304569	0.312274	0.276451	0.253589	0.305648	0.277504	0.295533	0.303183	0.298748	0.281713	0.313684	0.267112	0.312741	0.316750	0.313480	0.296417	0.302491	0.295956	0.304625	0.321373	0.303571	0.258449	0.292945	0.280702	0.289902	0.287113	0.285714	0.295327	0.273312	0.305426	0.274797	0.282540	0.276632	0.290493	0.290679	0.304714	0.000000	0.283557	0.281447	0.294400	0.300775	0.268739	0.292645	0.274436	0.276025	0.272162	0.277259	0.305825	0.276206	0.292437	0.323002	0.316535	0.301092	0.290679	0.305603	
0.298039	0.286179	0.311712	0.264026	0.270370	0.254457	0.249531	0.277778	0.267658	0.315603	0.291946	0.273038	0.268551	0.276896	0.285956	0.263914	0.267703	0.282609	0.282986	0.296593	0.290268	0.322900	0.273504	0.237500	0.281192	0.251265	0.264610	0.244628	0.286031	0.268371	0.253788	0.276042	0.293310	0.291902	0.294347	0.282862	0.288493	0.284229	0.311987	0.294659	0.238516	0.285714	0.284229	0.283557	0.000000	0.264274	0.271501	0.276596	0.279208	0.257377	0.286290	0.269421	0.263415	0.301794	0.292517	0.274336	0.277876	0.326667	0.304918	0.292007	0.275748	0.326642	
0.294964	0.296407	0.293823	0.271186	0.287905	0.289193	0.289428	0.268977	0.302285	0.274086	0.268331	0.281150	0.282430	0.261307	0.274637	0.275087	0.279809	0.290870	0.288744	0.271347	0.271132	0.275495	0.273450	0.304348	0.280797	0.287950	0.277778	0.306250	0.285141	0.289318	0.272097	0.293740	0.291866	0.286713	0.290503	0.291277	0.302711	0.310400	0.278034	0.302048	0.283761	0.282012	0.261438	0.281447	0.264274	0.000000	0.281493	0.276853	0.277574	0.264350	0.297753	0.243902	0.266968	0.270802	0.289100	0.266340	0.253311	0.331230	0.301370	0.270517	0.291411	0.321008	
0.283364	0.273994	0.304940	0.268254	0.281034	0.295597	0.282686	0.266102	0.327986	0.294828	0.276083	0.283582	0.286424	0.281304	0.286667	0.272727	0.264274	0.298283	0.290216	0.284047	0.300330	0.304075	0.302100	0.286225	0.295749	0.310897	0.277950	0.277689	0.286869	0.286371	0.275742	0.288493	0.306056	0.293706	0.291589	0.309295	0.311146	0.318108	0.297940	0.302768	0.274648	0.278302	0.272269	0.294400	0.271501	0.281493	0.000000	0.313084	0.282528	0.277259	0.306238	0.272300	0.295031	0.272586	0.323625	0.268333	0.272727	0.293160	0.281890	0.290625	0.318681	0.323680	
0.331532	0.236960	0.305509	0.265745	0.284497	0.297872	0.291883	0.285008	0.284211	0.300664	0.232919	0.281847	0.289216	0.270000	0.285484	0.250000	0.259554	0.299578	0.310680	0.290323	0.295527	0.291541	0.286846	0.308362	0.326087	0.303738	0.305263	0.313480	0.306773	0.288462	0.284974	0.287758	0.305864	0.295652	0.305400	0.295666	0.301943	0.293651	0.287462	0.264407	0.278438	0.270106	0.302932	0.300775	0.276596	0.276853	0.313084	0.000000	0.281818	0.252632	0.219331	0.245053	0.268072	0.273273	0.316535	0.283388	0.234811	0.318182	0.302432	0.263554	0.283537	0.295987	
0.311871	0.295290	0.282197	0.283054	0.293333	0.300917	0.284600	0.275930	0.310484	0.254902	0.277778	0.276062	0.275926	0.263672	0.273973	0.272541	0.271186	0.281324	0.239006	0.288747	0.313346	0.261343	0.316667	0.311203	0.294872	0.296501	0.319343	0.316699	0.279167	0.299283	0.273786	0.284387	0.278505	0.271845	0.297131	0.266294	0.270909	0.300557	0.260073	0.248544	0.296066	0.307551	0.261386	0.268739	0.279208	0.277574	0.282528	0.281818	0.000000	0.285714	0.310484	0.253235	0.279197	0.283636	0.285444	0.284091	0.274472	0.304183	0.309524	0.267035	0.292727	0.281132	
0.313406	0.269461	0.270134	0.273846	0.300341	0.273556	0.297578	0.276316	0.279930	0.269868	0.269051	0.277338	0.281250	0.261667	0.265273	0.259450	0.280000	0.286316	0.282927	0.288973	0.269841	0.267477	0.298413	0.282496	0.293165	0.285491	0.270677	0.298600	0.254000	0.277037	0.270979	0.288000	0.280702	0.316344	0.277778	0.296584	0.276692	0.330671	0.271057	0.285714	0.271647	0.287671	0.260229	0.292645	0.257377	0.264350	0.277259	0.252632	0.285714	0.000000	0.262570	0.265337	0.260150	0.281392	0.305512	0.282219	0.257800	0.307692	0.297256	0.268882	0.269939	0.322034	
0.325866	0.296846	0.312139	0.266038	0.285714	0.289179	0.292929	0.304519	0.310062	0.288000	0.295113	0.261209	0.295019	0.277014	0.276553	0.248963	0.288425	0.318735	0.293204	0.281780	0.317554	0.295113	0.288973	0.313278	0.326882	0.300752	0.310280	0.307393	0.281319	0.306985	0.299213	0.288425	0.263566	0.298828	0.315789	0.298479	0.321561	0.298311	0.323970	0.262745	0.270833	0.303940	0.287726	0.274436	0.286290	0.297753	0.306238	0.219331	0.310484	0.262570	0.000000	0.268431	0.275093	0.300557	0.303502	0.281664	0.266145	0.333333	0.305243	0.286252	0.282528	0.345029	
0.295290	0.252648	0.284264	0.257364	0.251712	0.262270	0.271605	0.270764	0.282953	0.261667	0.270866	0.251613	0.259504	0.243655	0.264274	0.241681	0.249191	0.282937	0.257749	0.273603	0.269663	0.264526	0.271132	0.277778	0.287020	0.263407	0.276596	0.287520	0.266533	0.255988	0.253940	0.279294	0.262821	0.287456	0.310280	0.266041	0.261329	0.292135	0.254630	0.265866	0.264249	0.254211	0.269608	0.276025	0.269421	0.243902	0.272300	0.245053	0.253235	0.265337	0.268431	0.000000	0.248485	0.267884	0.287975	0.258706	0.238333	0.301109	0.290965	0.259146	0.292835	0.265651	
0.320144	0.271237	0.303840	0.278287	0.275387	0.260935	0.279029	0.295752	0.305944	0.270627	0.280864	0.282989	0.264706	0.268657	0.278400	0.253012	0.278846	0.288421	0.286179	0.291115	0.301587	0.288520	0.292722	0.305317	0.287253	0.281931	0.276532	0.298600	0.305389	0.304860	0.286458	0.265501	0.301109	0.301560	0.285714	0.284615	0.269058	0.289557	0.286798	0.284512	0.273038	0.277526	0.278049	0.272162	0.263415	0.266968	0.295031	0.268072	0.279197	0.260150	0.275093	0.248485	0.000000	0.275602	0.312303	0.250000	0.247947	0.305643	0.315152	0.248494	0.272588	0.296296	
0.332130	0.220896	0.335000	0.269646	0.298456	0.328767	0.289428	0.305281	0.301920	0.262895	0.289269	0.288462	0.309446	0.262895	0.279032	0.283993	0.298722	0.292276	0.285714	0.298677	0.299363	0.297583	0.292063	0.301205	0.309481	0.297806	0.299248	0.297340	0.302789	0.303704	0.290657	0.312102	0.281399	0.313793	0.309963	0.296296	0.264574	0.301587	0.283308	0.301003	0.277683	0.289193	0.286872	0.277259	0.301794	0.270802	0.272586	0.273273	0.283636	0.281392	0.300557	0.267884	0.275602	0.000000	0.310236	0.266340	0.241830	0.329670	0.280728	0.276692	0.291859	0.300000	
0.308712	0.302508	0.333333	0.292800	0.284452	0.319489	0.291892	0.280612	0.294224	0.320819	0.298387	0.323967	0.274874	0.298951	0.296796	0.290090	0.286913	0.325328	0.301184	0.280876	0.306667	0.320695	0.311774	0.300537	0.317164	0.287582	0.302839	0.297078	0.280992	0.285271	0.281588	0.306156	0.286667	0.324324	0.328215	0.328455	0.300156	0.325000	0.303030	0.301754	0.298770	0.282748	0.312605	0.305825	0.292517	0.289100	0.323625	0.316535	0.285444	0.305512	0.303502	0.287975	0.312303	0.310236	0.000000	0.288660	0.296233	0.327896	0.306349	0.301262	0.292332	0.321117	
0.318436	0.253247	0.309315	0.265781	0.249104	0.257749	0.285451	0.259325	0.304029	0.267504	0.257903	0.250000	0.256014	0.248214	0.293194	0.252809	0.265101	0.281938	0.285467	0.307540	0.291883	0.287356	0.267797	0.250929	0.269380	0.284768	0.296417	0.268251	0.283951	0.288462	0.274021	0.251689	0.286689	0.290036	0.297297	0.272120	0.273616	0.275804	0.268977	0.283688	0.274725	0.258649	0.256184	0.276206	0.274336	0.266340	0.268333	0.283388	0.284091	0.282219	0.281664	0.258706	0.250000	0.266340	0.288660	0.000000	0.248687	0.329352	0.291803	0.263158	0.252046	0.292769	
0.312139	0.216966	0.310036	0.267227	0.267035	0.277686	0.296226	0.291005	0.325843	0.286486	0.247078	0.263432	0.285211	0.249558	0.279232	0.270677	0.272097	0.285403	0.294737	0.289109	0.300518	0.276490	0.281034	0.312727	0.287072	0.276740	0.299835	0.296422	0.279070	0.316558	0.284387	0.284974	0.278351	0.316759	0.289883	0.307432	0.286184	0.289157	0.276490	0.289048	0.276364	0.262023	0.277487	0.292437	0.277876	0.253311	0.272727	0.234811	0.274472	0.257800	0.266145	0.238333	0.247947	0.241830	0.296233	0.248687	0.000000	0.321918	0.290909	0.245470	0.280201	0.311712	
0.308550	0.315133	0.332753	0.304416	0.350181	0.331776	0.316364	0.334448	0.342908	0.362847	0.330645	0.331169	0.309645	0.309524	0.304918	0.314783	0.326733	0.336188	0.315615	0.331395	0.323625	0.319685	0.324104	0.344464	0.352622	0.351133	0.369327	0.342357	0.363257	0.311248	0.329114	0.332779	0.295681	0.359855	0.329609	0.328594	0.330745	0.323967	0.333856	0.336842	0.332762	0.326531	0.312812	0.323002	0.326667	0.331230	0.293160	0.318182	0.304183	0.307692	0.333333	0.301109	0.305643	0.329670	0.327896	0.329352	0.321918	0.000000	0.306604	0.335950	0.307815	0.268421	
0.341198	0.274096	0.359664	0.293023	0.311958	0.338931	0.314587	0.293729	0.308099	0.317726	0.308892	0.324759	0.319605	0.273333	0.267742	0.294828	0.318841	0.311715	0.279221	0.313576	0.311005	0.334862	0.323810	0.321859	0.314848	0.332808	0.314675	0.316614	0.299197	0.342262	0.331010	0.291935	0.331731	0.348877	0.328386	0.329688	0.339879	0.310289	0.303077	0.305983	0.323729	0.280675	0.286645	0.316535	0.304918	0.301370	0.281890	0.302432	0.309524	0.297256	0.305243	0.290965	0.315152	0.280728	0.306349	0.291803	0.290909	0.306604	0.000000	0.283537	0.296754	0.332770	
0.309091	0.248503	0.305228	0.286154	0.282007	0.275495	0.285217	0.268534	0.278169	0.289782	0.299689	0.288462	0.281967	0.273333	0.284109	0.253054	0.266129	0.301255	0.273906	0.294677	0.270142	0.298938	0.275478	0.278830	0.295699	0.312989	0.289157	0.271028	0.277108	0.305638	0.282230	0.282958	0.294118	0.318261	0.312384	0.294574	0.307808	0.319489	0.299539	0.269036	0.262351	0.282443	0.285945	0.301092	0.292007	0.270517	0.290625	0.263554	0.267035	0.268882	0.286252	0.259146	0.248494	0.276692	0.301262	0.263158	0.245470	0.335950	0.283537	0.000000	0.293395	0.327150	
0.315884	0.304414	0.312709	0.273011	0.288889	0.298762	0.288462	0.297659	0.293286	0.283784	0.267296	0.275527	0.258278	0.287162	0.289474	0.245184	0.276873	0.290870	0.283828	0.282983	0.323577	0.299845	0.309179	0.294014	0.327239	0.291601	0.299237	0.300477	0.314629	0.302256	0.293913	0.273312	0.298387	0.283713	0.301498	0.274448	0.284404	0.285486	0.296412	0.287179	0.273830	0.277090	0.293333	0.290679	0.275748	0.291411	0.318681	0.283537	0.292727	0.269939	0.282528	0.292835	0.272588	0.291859	0.292332	0.252046	0.280201	0.307815	0.296754	0.293395	0.000000	0.313559	
0.322581	0.301667	0.309353	0.311755	0.310909	0.317647	0.285714	0.310909	0.358095	0.312268	0.308492	0.318505	0.291449	0.303957	0.320215	0.286528	0.301754	0.299550	0.309315	0.324544	0.341637	0.300336	0.338542	0.319923	0.333988	0.325939	0.341751	0.356140	0.340862	0.317881	0.331512	0.317789	0.305944	0.323105	0.321083	0.306228	0.295492	0.337370	0.326565	0.301645	0.324528	0.328283	0.293478	0.305603	0.326642	0.321008	0.323680	0.295987	0.281132	0.322034	0.345029	0.265651	0.296296	0.300000	0.321117	0.292769	0.311712	0.268421	0.332770	0.327150	0.313559	0.000000	
